i Stage1Model0 6
0 1 2
2 1 3
v Stage1Model0 pnt 4
-4.500000 0.000000 -4.500000
-4.500000 0.000000 4.500000
4.500000 0.000000 -4.500000
4.500000 0.000000 4.500000
i Stage1Model1 6
0 1 2
2 1 3
v Stage1Model1 pnt 4
-1.500000 0.000000 -16.500000
-1.500000 0.000000 -4.500000
1.500000 0.000000 -16.500000
1.500000 0.000000 -4.500000
i Stage1Model2 6
0 1 2
2 1 3
v Stage1Model2 pnt 4
-1.500000 1.000000 -13.500000
-1.500000 0.000000 -13.500000
-1.500000 1.000000 -4.500000
-1.500000 0.000000 -4.500000
i Stage1Model3 6
0 1 2
2 1 3
v Stage1Model3 pnt 4
4.500000 1.000000 -4.500000
4.500000 0.000000 -4.500000
4.500000 1.000000 4.500000
4.500000 0.000000 4.500000
i Stage1Model4 6
0 1 2
2 1 3
v Stage1Model4 pnt 4
-4.500000 1.000000 4.500000
-4.500000 0.000000 4.500000
4.500000 1.000000 4.500000
4.500000 0.000000 4.500000
i Stage1Model5 6
0 1 2
2 1 3
v Stage1Model5 pnt 4
-10.500000 1.000000 9.500000
-10.500000 0.000000 9.500000
-24.500000 1.000000 9.500000
-24.500000 0.000000 9.500000
i Stage1Model6 6
0 1 2
2 1 3
v Stage1Model6 pnt 4
-24.500000 1.000000 9.500000
-24.500000 0.000000 9.500000
-24.500000 1.000000 -18.500000
-24.500000 0.000000 -18.500000
i Stage1Model7 6
0 1 2
2 1 3
v Stage1Model7 pnt 4
-4.500000 1.000000 4.500000
-4.500000 0.000000 4.500000
-4.500000 1.000000 -4.500000
-4.500000 0.000000 -4.500000
i Stage1Model8 6
0 1 2
2 1 3
v Stage1Model8 pnt 4
-10.500000 1.000000 -13.500000
-10.500000 0.000000 -13.500000
-10.500000 1.000000 9.500000
-10.500000 0.000000 9.500000
i Stage1Model9 6
0 1 2
2 1 3
v Stage1Model9 pnt 4
-24.500000 1.000000 -18.500000
-24.500000 0.000000 -18.500000
-10.500000 1.000000 -18.500000
-10.500000 0.000000 -18.500000
i Stage1Model10 6
0 1 2
2 1 3
v Stage1Model10 pnt 4
1.500000 1.000000 -4.500000
1.500000 0.000000 -4.500000
1.500000 1.000000 -16.500000
1.500000 0.000000 -16.500000
i Stage1Model11 6
0 1 2
2 1 3
v Stage1Model11 pnt 4
-10.500000 1.000000 -18.500000
-10.500000 0.000000 -18.500000
-10.500000 1.000000 -16.500000
-10.500000 0.000000 -16.500000
i Stage1Model12 6
0 1 2
2 1 3
v Stage1Model12 pnt 4
-10.500000 1.000000 -13.500000
-10.500000 0.000000 -13.500000
-1.500000 1.000000 -13.500000
-1.500000 0.000000 -13.500000
i Stage1Model13 6
0 1 2
2 1 3
v Stage1Model13 pnt 4
-10.500000 0.000000 -16.500000
-10.500000 0.000000 -13.500000
-1.500000 0.000000 -16.500000
-1.500000 0.000000 -13.500000
i Stage1Model14 6
0 1 2
2 1 3
v Stage1Model14 pnt 4
1.500000 1.000000 -4.500000
1.500000 0.000000 -4.500000
4.500000 1.000000 -4.500000
4.500000 0.000000 -4.500000
i Stage1Model15 6
0 1 2
2 1 3
v Stage1Model15 pnt 4
-4.500000 1.000000 -4.500000
-4.500000 0.000000 -4.500000
-1.500000 1.000000 -4.500000
-1.500000 0.000000 -4.500000
i Stage1Model16 6
0 1 2
2 1 3
v Stage1Model16 pnt 4
1.500000 1.000000 -16.500000
1.500000 0.000000 -16.500000
-10.500000 1.000000 -16.500000
-10.500000 0.000000 -16.500000
i Stage1Model17 6
0 1 2
2 1 3
v Stage1Model17 pnt 4
-24.500000 0.000000 -18.500000
-24.500000 0.000000 9.500000
-10.500000 0.000000 -18.500000
-10.500000 0.000000 9.500000
