i backgroundModel0 6
0 1 2
2 1 3
v backgroundModel0 pnt 4
-9.000000 0.000000 -60.000000
-9.000000 0.000000 6.000000
9.000000 0.000000 -60.000000
9.000000 0.000000 6.000000
i backgroundModel1 6
0 1 2
2 1 3
v backgroundModel1 pnt 4
9.000000 1.000000 6.000000
9.000000 0.000000 6.000000
9.000000 1.000000 -60.000000
9.000000 0.000000 -60.000000
i backgroundModel2 6
0 1 2
2 1 3
v backgroundModel2 pnt 4
9.000003 1.000000 6.000000
9.000003 0.000000 6.000000
-8.999997 1.000000 6.000000
-8.999997 0.000000 6.000000
i backgroundModel3 6
0 1 2
2 1 3
v backgroundModel3 pnt 4
-8.999998 1.000000 -60.000000
-8.999998 0.000000 -60.000000
-9.000036 1.000000 6.000000
-9.000036 0.000000 6.000000
i backgroundModel4 6
0 1 2
2 1 3
v backgroundModel4 pnt 4
-9.000001 1.000000 -60.000000
-9.000001 0.000000 -60.000000
8.999999 1.000000 -60.000000
8.999999 0.000000 -60.000000
