i Stage2Model0 6
0 1 2
2 1 3
v Stage2Model0 pnt 4
-4.500000 0.000000 -4.500000
-4.500000 0.000000 4.500000
4.500000 0.000000 -4.500000
4.500000 0.000000 4.500000
i Stage2Model1 6
0 1 2
2 1 3
v Stage2Model1 pnt 4
-4.500000 1.000000 4.500000
-4.500000 0.000000 4.500000
-4.500000 1.000000 -4.500000
-4.500000 0.000000 -4.500000
i Stage2Model2 6
0 1 2
2 1 3
v Stage2Model2 pnt 4
-13.500000 1.000000 -37.500000
-13.500000 0.000000 -37.500000
13.500000 1.000000 -37.500000
13.500000 0.000000 -37.500000
i Stage2Model3 6
0 1 2
2 1 3
v Stage2Model3 pnt 4
4.500363 1.000000 4.500000
4.500363 0.000000 4.500000
4.500363 1.000000 -4.500000
4.500363 0.000000 -4.500000
i Stage2Model4 6
0 1 2
2 1 3
v Stage2Model4 pnt 4
-4.500000 1.000000 4.500636
-4.500000 0.000000 4.500636
4.500000 1.000000 4.500636
4.500000 0.000000 4.500636
i Stage2Model5 6
0 1 2
2 1 3
v Stage2Model5 pnt 4
1.500000 1.000000 -4.500000
1.500000 0.000000 -4.500000
1.500000 1.000000 -10.500000
1.500000 0.000000 -10.500000
i Stage2Model6 6
0 1 2
2 1 3
v Stage2Model6 pnt 4
-1.500000 0.000000 -10.500000
-1.500000 0.000000 -4.500000
1.500000 0.000000 -10.500000
1.500000 0.000000 -4.500000
i Stage2Model7 6
0 1 2
2 1 3
v Stage2Model7 pnt 4
13.500000 1.000000 -10.500000
13.500000 0.000000 -10.500000
13.500000 1.000000 -37.500000
13.500000 0.000000 -37.500000
i Stage2Model8 6
0 1 2
2 1 3
v Stage2Model8 pnt 4
-1.500000 1.000000 -10.500000
-1.500000 0.000000 -10.500000
-1.500000 1.000000 -4.500000
-1.500000 0.000000 -4.500000
i Stage2Model9 6
0 1 2
2 1 3
v Stage2Model9 pnt 4
-13.500000 0.000000 -37.500034
-13.500000 0.000000 -10.500034
13.500000 0.000000 -37.500034
13.500000 0.000000 -10.500034
i Stage2Model10 6
0 1 2
2 1 3
v Stage2Model10 pnt 4
1.500000 1.000000 -10.500000
1.500000 0.000000 -10.500000
13.500000 1.000000 -10.500000
13.500000 0.000000 -10.500000
i Stage2Model11 6
0 1 2
2 1 3
v Stage2Model11 pnt 4
-13.500000 1.000000 -10.500000
-13.500000 0.000000 -10.500000
-1.500000 1.000000 -10.500000
-1.500000 0.000000 -10.500000
i Stage2Model12 6
0 1 2
2 1 3
v Stage2Model12 pnt 4
-13.500000 1.000000 -10.500000
-13.500000 0.000000 -10.500000
-13.500000 1.000000 -37.500000
-13.500000 0.000000 -37.500000
i Stage2Model13 6
0 1 2
2 1 3
v Stage2Model13 pnt 4
4.500000 1.000000 -4.500000
4.500000 0.000000 -4.500000
1.500000 1.000000 -4.500000
1.500000 0.000000 -4.500000
i Stage2Model14 6
0 1 2
2 1 3
v Stage2Model14 pnt 4
-1.500000 1.000000 -4.500000
-1.500000 0.000000 -4.500000
-4.500000 1.000000 -4.500000
-4.500000 0.000000 -4.500000
