i Stage3Model0 6
0 1 2
2 1 3
v Stage3Model0 pnt 4
-4.500000 0.000000 -4.500000
-4.500000 0.000000 4.500000
4.500000 0.000000 -4.500000
4.500000 0.000000 4.500000
i Stage3Model1 6
0 1 2
2 1 3
v Stage3Model1 pnt 4
10.000000 1.500000 -13.500000
10.000000 2.500000 -13.500000
10.000000 1.500000 -14.500000
10.000000 2.500000 -14.500000
i Stage3Model2 6
0 1 2
2 1 3
v Stage3Model2 pnt 4
-4.500000 0.000000 -4.500000
-4.500000 1.000000 -4.500000
-4.500000 0.000000 -3.500000
-4.500000 1.000000 -3.500000
i Stage3Model3 6
0 1 2
2 1 3
v Stage3Model3 pnt 4
-4.789995 4.000000 -9.500000
-4.789995 4.000000 -7.500000
5.210005 4.000000 -9.500000
5.210005 4.000000 -7.500000
i Stage3Model4 6
0 1 2
2 1 3
v Stage3Model4 pnt 4
3.500000 0.000000 -4.500000
3.500000 1.000000 -4.500000
4.500000 0.000000 -4.500000
4.500000 1.000000 -4.500000
i Stage3Model5 6
0 1 2
2 1 3
v Stage3Model5 pnt 4
4.500000 0.000000 3.500000
4.500000 1.000000 3.500000
4.500000 0.000000 4.500000
4.500000 1.000000 4.500000
i Stage3Model6 6
0 1 2
2 1 3
v Stage3Model6 pnt 4
-4.500000 0.000000 4.500000
-4.500000 1.000000 4.500000
-3.500000 0.000000 4.500000
-3.500000 1.000000 4.500000
i Stage3Model7 6
0 1 2
2 1 3
v Stage3Model7 pnt 4
-1.500000 0.000000 -42.000000
-1.500000 0.000000 -4.500000
1.500000 0.000000 -42.000000
1.500000 0.000000 -4.500000
i Stage3Model8 6
0 1 2
2 1 3
v Stage3Model8 pnt 4
-5.000000 0.000000 -46.000000
-5.000000 1.000000 -46.000000
-6.000000 0.000000 -46.000000
-6.000000 1.000000 -46.000000
i Stage3Model9 6
0 1 2
2 1 3
v Stage3Model9 pnt 4
-10.000000 0.000000 -46.000000
-10.000000 0.000000 -42.000000
10.000000 0.000000 -46.000000
10.000000 0.000000 -42.000000
i Stage3Model10 6
0 1 2
2 1 3
v Stage3Model10 pnt 4
7.999999 1.539236 -40.388344
8.000001 -0.539236 -42.551662
4.999999 1.539236 -40.388348
5.000001 -0.539236 -42.551666
i Stage3Model11 6
0 1 2
2 1 3
v Stage3Model11 pnt 4
-4.000001 1.539236 -40.388344
-3.999999 -0.539236 -42.551662
-7.000001 1.539236 -40.388348
-6.999999 -0.539236 -42.551666
i Stage3Model12 6
0 1 2
2 1 3
v Stage3Model12 pnt 4
-1.500001 0.000000 -16.500000
-1.500001 1.000000 -16.500000
-1.499999 0.000000 -17.500000
-1.499999 1.000000 -17.500000
i Stage3Model13 6
0 1 2
2 1 3
v Stage3Model13 pnt 4
-1.500001 0.000000 -17.500000
-1.500001 1.000000 -17.500000
-1.499999 0.000000 -18.500000
-1.499999 1.000000 -18.500000
i Stage3Model14 6
0 1 2
2 1 3
v Stage3Model14 pnt 4
-10.020006 1.500000 -32.489998
-10.020006 1.500000 -7.489998
-7.520006 1.500000 -32.489998
-7.520006 1.500000 -7.489998
i Stage3Model15 6
0 1 2
2 1 3
v Stage3Model15 pnt 4
7.479994 1.500000 -32.489998
7.479994 1.500000 -7.489998
9.979994 1.500000 -32.489998
9.979994 1.500000 -7.489998
i Stage3Model16 6
0 1 2
2 1 3
v Stage3Model16 pnt 4
7.451338 1.541286 -20.500006
1.737338 -0.289066 -20.500004
7.451340 1.541286 -18.500008
1.737338 -0.289066 -18.500004
i Stage3Model17 6
0 1 2
2 1 3
v Stage3Model17 pnt 4
7.727990 1.314422 -9.500007
6.271992 2.685578 -9.499993
7.728008 1.314422 -7.500007
6.272010 2.685578 -7.499993
i Stage3Model18 6
0 1 2
2 1 3
v Stage3Model18 pnt 4
6.277979 2.674422 -9.500007
4.821982 4.045578 -9.499993
6.277997 2.674422 -7.500007
4.822000 4.045578 -7.499993
i Stage3Model19 6
0 1 2
2 1 3
v Stage3Model19 pnt 4
-7.517985 1.494421 -7.499994
-6.061988 2.865578 -7.500006
-7.518003 1.494421 -9.499994
-6.062005 2.865578 -9.500006
i Stage3Model20 6
0 1 2
2 1 3
v Stage3Model20 pnt 4
-6.257975 2.674421 -7.499994
-4.801977 4.045579 -7.500006
-6.257992 2.674421 -9.499994
-4.801995 4.045579 -9.500006
i Stage3Model21 6
0 1 2
2 1 3
v Stage3Model21 pnt 4
4.999979 1.500000 -38.500004
4.999979 2.500000 -38.500004
4.999980 1.500000 -39.500004
4.999980 2.500000 -39.500004
i Stage3Model22 6
0 1 2
2 1 3
v Stage3Model22 pnt 4
-1.500000 1.000000 -42.000000
-1.500000 0.000000 -42.000000
-3.000000 1.000000 -42.000000
-3.000000 0.000000 -42.000000
i Stage3Model23 6
0 1 2
2 1 3
v Stage3Model23 pnt 4
-7.585182 1.694804 -18.490002
-1.110819 -0.966515 -18.490000
-7.585180 1.694804 -20.490002
-1.110817 -0.966515 -20.490000
i Stage3Model24 6
0 1 2
2 1 3
v Stage3Model24 pnt 4
5.000000 1.000000 -42.000000
5.000000 0.000000 -42.000000
3.500000 1.000000 -42.000000
3.500000 0.000000 -42.000000
i Stage3Model25 6
0 1 2
2 1 3
v Stage3Model25 pnt 4
1.500001 0.000000 -18.500000
1.500000 1.000000 -18.500000
1.500000 0.000000 -17.500000
1.499999 1.000000 -17.500000
i Stage3Model26 6
0 1 2
2 1 3
v Stage3Model26 pnt 4
-1.500000 0.000000 -4.500000
-1.500000 1.000000 -4.500000
-2.500000 0.000000 -4.500000
-2.500000 1.000000 -4.500000
i Stage3Model27 6
0 1 2
2 1 3
v Stage3Model27 pnt 4
5.000000 1.550000 -40.470089
5.000000 1.550000 -31.470089
11.000000 1.550000 -40.470089
11.000000 1.550000 -31.470089
i Stage3Model28 6
0 1 2
2 1 3
v Stage3Model28 pnt 4
-10.000000 1.550000 -40.470089
-10.000000 1.550000 -31.470089
-4.000000 1.550000 -40.470089
-4.000000 1.550000 -31.470089
i Stage3Model29 6
0 1 2
2 1 3
v Stage3Model29 pnt 4
-1.500001 0.000000 -20.500000
-1.500001 1.000000 -20.500000
-1.499999 0.000000 -21.500000
-1.499999 1.000000 -21.500000
i Stage3Model30 6
0 1 2
2 1 3
v Stage3Model30 pnt 4
-1.500001 0.000000 -21.500000
-1.500001 1.000000 -21.500000
-1.499999 0.000000 -22.500000
-1.499999 1.000000 -22.500000
i Stage3Model31 6
0 1 2
2 1 3
v Stage3Model31 pnt 4
-1.500001 0.000000 -22.500000
-1.500001 1.000000 -22.500000
-1.499999 0.000000 -23.500000
-1.499999 1.000000 -23.500000
i Stage3Model32 6
0 1 2
2 1 3
v Stage3Model32 pnt 4
-1.500001 0.000000 -23.500000
-1.500001 1.000000 -23.500000
-1.499999 0.000000 -24.500000
-1.499999 1.000000 -24.500000
i Stage3Model33 6
0 1 2
2 1 3
v Stage3Model33 pnt 4
-1.500001 0.000000 -24.500000
-1.500001 1.000000 -24.500000
-1.499999 0.000000 -25.500000
-1.499999 1.000000 -25.500000
i Stage3Model34 6
0 1 2
2 1 3
v Stage3Model34 pnt 4
-1.500001 0.000000 -25.500000
-1.500001 1.000000 -25.500000
-1.499999 0.000000 -26.500000
-1.499999 1.000000 -26.500000
i Stage3Model35 6
0 1 2
2 1 3
v Stage3Model35 pnt 4
-1.500001 0.000000 -26.500000
-1.500001 1.000000 -26.500000
-1.499999 0.000000 -27.500000
-1.499999 1.000000 -27.500000
i Stage3Model36 6
0 1 2
2 1 3
v Stage3Model36 pnt 4
-10.000000 0.000000 -45.000000
-9.999999 1.000000 -45.000000
-10.000001 0.000000 -44.000000
-10.000000 1.000000 -44.000000
i Stage3Model37 6
0 1 2
2 1 3
v Stage3Model37 pnt 4
-10.000000 0.000000 -46.000000
-9.999999 1.000000 -46.000000
-10.000001 0.000000 -45.000000
-10.000000 1.000000 -45.000000
i Stage3Model38 6
0 1 2
2 1 3
v Stage3Model38 pnt 4
-7.000000 0.000000 -46.000000
-7.000000 1.000000 -46.000000
-8.000000 0.000000 -46.000000
-8.000000 1.000000 -46.000000
i Stage3Model39 6
0 1 2
2 1 3
v Stage3Model39 pnt 4
-9.000000 0.000000 -46.000000
-9.000000 1.000000 -46.000000
-10.000000 0.000000 -46.000000
-10.000000 1.000000 -46.000000
i Stage3Model40 6
0 1 2
2 1 3
v Stage3Model40 pnt 4
-8.000000 0.000000 -46.000000
-8.000000 1.000000 -46.000000
-9.000000 0.000000 -46.000000
-9.000000 1.000000 -46.000000
i Stage3Model41 6
0 1 2
2 1 3
v Stage3Model41 pnt 4
-9.000000 0.000000 -42.000000
-9.000000 1.000000 -42.000000
-8.000000 0.000000 -42.000000
-8.000000 1.000000 -42.000000
i Stage3Model42 6
0 1 2
2 1 3
v Stage3Model42 pnt 4
-4.000000 0.000000 -46.000000
-4.000000 1.000000 -46.000000
-5.000000 0.000000 -46.000000
-5.000000 1.000000 -46.000000
i Stage3Model43 6
0 1 2
2 1 3
v Stage3Model43 pnt 4
-8.000000 0.000000 -42.000000
-8.000000 1.000000 -42.000000
-7.000000 0.000000 -42.000000
-7.000000 1.000000 -42.000000
i Stage3Model44 6
0 1 2
2 1 3
v Stage3Model44 pnt 4
-4.000000 0.000000 -42.000000
-4.000000 1.000000 -42.000000
-3.000000 0.000000 -42.000000
-3.000000 1.000000 -42.000000
i Stage3Model45 6
0 1 2
2 1 3
v Stage3Model45 pnt 4
-10.000000 0.000000 -42.000000
-10.000000 1.000000 -42.000000
-9.000000 0.000000 -42.000000
-9.000000 1.000000 -42.000000
i Stage3Model46 6
0 1 2
2 1 3
v Stage3Model46 pnt 4
-10.000000 0.000000 -43.000000
-9.999999 1.000000 -43.000000
-10.000001 0.000000 -42.000000
-10.000000 1.000000 -42.000000
i Stage3Model47 6
0 1 2
2 1 3
v Stage3Model47 pnt 4
-10.000000 0.000000 -44.000000
-9.999999 1.000000 -44.000000
-10.000001 0.000000 -43.000000
-10.000000 1.000000 -43.000000
i Stage3Model48 6
0 1 2
2 1 3
v Stage3Model48 pnt 4
-6.000000 0.000000 -46.000000
-6.000000 1.000000 -46.000000
-7.000000 0.000000 -46.000000
-7.000000 1.000000 -46.000000
i Stage3Model49 6
0 1 2
2 1 3
v Stage3Model49 pnt 4
1.500000 0.000000 -4.500000
1.500000 1.000000 -4.500000
2.500000 0.000000 -4.500000
2.500000 1.000000 -4.500000
i Stage3Model50 6
0 1 2
2 1 3
v Stage3Model50 pnt 4
2.500000 0.000000 -4.500000
2.500000 1.000000 -4.500000
3.500000 0.000000 -4.500000
3.500000 1.000000 -4.500000
i Stage3Model51 6
0 1 2
2 1 3
v Stage3Model51 pnt 4
4.500000 0.000000 -4.500000
4.500000 1.000000 -4.500000
4.500000 0.000000 -3.500000
4.500000 1.000000 -3.500000
i Stage3Model52 6
0 1 2
2 1 3
v Stage3Model52 pnt 4
4.500000 0.000000 -3.500000
4.500000 1.000000 -3.500000
4.500000 0.000000 -2.500000
4.500000 1.000000 -2.500000
i Stage3Model53 6
0 1 2
2 1 3
v Stage3Model53 pnt 4
4.500000 0.000000 -2.500000
4.500000 1.000000 -2.500000
4.500000 0.000000 -1.500000
4.500000 1.000000 -1.500000
i Stage3Model54 6
0 1 2
2 1 3
v Stage3Model54 pnt 4
4.500000 0.000000 -1.500000
4.500000 1.000000 -1.500000
4.500000 0.000000 -0.500000
4.500000 1.000000 -0.500000
i Stage3Model55 6
0 1 2
2 1 3
v Stage3Model55 pnt 4
4.500000 0.000000 -0.500000
4.500000 1.000000 -0.500000
4.500000 0.000000 0.500000
4.500000 1.000000 0.500000
i Stage3Model56 6
0 1 2
2 1 3
v Stage3Model56 pnt 4
4.500000 0.000000 0.500000
4.500000 1.000000 0.500000
4.500000 0.000000 1.500000
4.500000 1.000000 1.500000
i Stage3Model57 6
0 1 2
2 1 3
v Stage3Model57 pnt 4
4.500000 0.000000 1.500000
4.500000 1.000000 1.500000
4.500000 0.000000 2.500000
4.500000 1.000000 2.500000
i Stage3Model58 6
0 1 2
2 1 3
v Stage3Model58 pnt 4
4.500000 0.000000 2.500000
4.500000 1.000000 2.500000
4.500000 0.000000 3.500000
4.500000 1.000000 3.500000
i Stage3Model59 6
0 1 2
2 1 3
v Stage3Model59 pnt 4
3.500000 0.000000 4.500000
3.500000 1.000000 4.500000
4.500000 0.000000 4.500000
4.500000 1.000000 4.500000
i Stage3Model60 6
0 1 2
2 1 3
v Stage3Model60 pnt 4
2.500000 0.000000 4.500000
2.500000 1.000000 4.500000
3.500000 0.000000 4.500000
3.500000 1.000000 4.500000
i Stage3Model61 6
0 1 2
2 1 3
v Stage3Model61 pnt 4
1.500000 0.000000 4.500000
1.500000 1.000000 4.500000
2.500000 0.000000 4.500000
2.500000 1.000000 4.500000
i Stage3Model62 6
0 1 2
2 1 3
v Stage3Model62 pnt 4
0.500000 0.000000 4.500000
0.500000 1.000000 4.500000
1.500000 0.000000 4.500000
1.500000 1.000000 4.500000
i Stage3Model63 6
0 1 2
2 1 3
v Stage3Model63 pnt 4
-0.500000 0.000000 4.500000
-0.500000 1.000000 4.500000
0.500000 0.000000 4.500000
0.500000 1.000000 4.500000
i Stage3Model64 6
0 1 2
2 1 3
v Stage3Model64 pnt 4
-1.500000 0.000000 4.500000
-1.500000 1.000000 4.500000
-0.500000 0.000000 4.500000
-0.500000 1.000000 4.500000
i Stage3Model65 6
0 1 2
2 1 3
v Stage3Model65 pnt 4
-2.500000 0.000000 4.500000
-2.500000 1.000000 4.500000
-1.500000 0.000000 4.500000
-1.500000 1.000000 4.500000
i Stage3Model66 6
0 1 2
2 1 3
v Stage3Model66 pnt 4
-3.500000 0.000000 4.500000
-3.500000 1.000000 4.500000
-2.500000 0.000000 4.500000
-2.500000 1.000000 4.500000
i Stage3Model67 6
0 1 2
2 1 3
v Stage3Model67 pnt 4
-4.500000 0.000000 3.500000
-4.500000 1.000000 3.500000
-4.500000 0.000000 4.500000
-4.500000 1.000000 4.500000
i Stage3Model68 6
0 1 2
2 1 3
v Stage3Model68 pnt 4
-4.500000 0.000000 2.500000
-4.500000 1.000000 2.500000
-4.500000 0.000000 3.500000
-4.500000 1.000000 3.500000
i Stage3Model69 6
0 1 2
2 1 3
v Stage3Model69 pnt 4
-4.500000 0.000000 1.500000
-4.500000 1.000000 1.500000
-4.500000 0.000000 2.500000
-4.500000 1.000000 2.500000
i Stage3Model70 6
0 1 2
2 1 3
v Stage3Model70 pnt 4
-4.500000 0.000000 0.500000
-4.500000 1.000000 0.500000
-4.500000 0.000000 1.500000
-4.500000 1.000000 1.500000
i Stage3Model71 6
0 1 2
2 1 3
v Stage3Model71 pnt 4
-4.500000 0.000000 -0.500000
-4.500000 1.000000 -0.500000
-4.500000 0.000000 0.500000
-4.500000 1.000000 0.500000
i Stage3Model72 6
0 1 2
2 1 3
v Stage3Model72 pnt 4
-4.500000 0.000000 -1.500000
-4.500000 1.000000 -1.500000
-4.500000 0.000000 -0.500000
-4.500000 1.000000 -0.500000
i Stage3Model73 6
0 1 2
2 1 3
v Stage3Model73 pnt 4
-4.500000 0.000000 -2.500000
-4.500000 1.000000 -2.500000
-4.500000 0.000000 -1.500000
-4.500000 1.000000 -1.500000
i Stage3Model74 6
0 1 2
2 1 3
v Stage3Model74 pnt 4
-4.500000 0.000000 -3.500000
-4.500000 1.000000 -3.500000
-4.500000 0.000000 -2.500000
-4.500000 1.000000 -2.500000
i Stage3Model75 6
0 1 2
2 1 3
v Stage3Model75 pnt 4
-3.500000 0.000000 -4.500000
-3.500000 1.000000 -4.500000
-4.500000 0.000000 -4.500000
-4.500000 1.000000 -4.500000
i Stage3Model76 6
0 1 2
2 1 3
v Stage3Model76 pnt 4
-2.500000 0.000000 -4.500000
-2.500000 1.000000 -4.500000
-3.500000 0.000000 -4.500000
-3.500000 1.000000 -4.500000
i Stage3Model77 6
0 1 2
2 1 3
v Stage3Model77 pnt 4
1.500001 0.000000 -5.500000
1.500000 1.000000 -5.500000
1.500000 0.000000 -4.500000
1.499999 1.000000 -4.500000
i Stage3Model78 6
0 1 2
2 1 3
v Stage3Model78 pnt 4
1.500001 0.000000 -6.500000
1.500000 1.000000 -6.500000
1.500000 0.000000 -5.500000
1.499999 1.000000 -5.500000
i Stage3Model79 6
0 1 2
2 1 3
v Stage3Model79 pnt 4
1.500001 0.000000 -7.500000
1.500000 1.000000 -7.500000
1.500000 0.000000 -6.500000
1.499999 1.000000 -6.500000
i Stage3Model80 6
0 1 2
2 1 3
v Stage3Model80 pnt 4
1.500001 0.000000 -8.500000
1.500000 1.000000 -8.500000
1.500000 0.000000 -7.500000
1.499999 1.000000 -7.500000
i Stage3Model81 6
0 1 2
2 1 3
v Stage3Model81 pnt 4
1.500001 0.000000 -9.500000
1.500000 1.000000 -9.500000
1.500000 0.000000 -8.500000
1.499999 1.000000 -8.500000
i Stage3Model82 6
0 1 2
2 1 3
v Stage3Model82 pnt 4
1.500001 0.000000 -10.500000
1.500000 1.000000 -10.500000
1.500000 0.000000 -9.500000
1.499999 1.000000 -9.500000
i Stage3Model83 6
0 1 2
2 1 3
v Stage3Model83 pnt 4
1.500001 0.000000 -11.500000
1.500000 1.000000 -11.500000
1.500000 0.000000 -10.500000
1.499999 1.000000 -10.500000
i Stage3Model84 6
0 1 2
2 1 3
v Stage3Model84 pnt 4
1.500001 0.000000 -12.500000
1.500000 1.000000 -12.500000
1.500000 0.000000 -11.500000
1.499999 1.000000 -11.500000
i Stage3Model85 6
0 1 2
2 1 3
v Stage3Model85 pnt 4
1.500001 0.000000 -13.500000
1.500000 1.000000 -13.500000
1.500000 0.000000 -12.500000
1.499999 1.000000 -12.500000
i Stage3Model86 6
0 1 2
2 1 3
v Stage3Model86 pnt 4
1.500001 0.000000 -14.500000
1.500000 1.000000 -14.500000
1.500000 0.000000 -13.500000
1.499999 1.000000 -13.500000
i Stage3Model87 6
0 1 2
2 1 3
v Stage3Model87 pnt 4
1.500001 0.000000 -15.500000
1.500000 1.000000 -15.500000
1.500000 0.000000 -14.500000
1.499999 1.000000 -14.500000
i Stage3Model88 6
0 1 2
2 1 3
v Stage3Model88 pnt 4
1.500001 0.000000 -16.500000
1.500000 1.000000 -16.500000
1.500000 0.000000 -15.500000
1.499999 1.000000 -15.500000
i Stage3Model89 6
0 1 2
2 1 3
v Stage3Model89 pnt 4
1.500001 0.000000 -17.500000
1.500000 1.000000 -17.500000
1.500000 0.000000 -16.500000
1.499999 1.000000 -16.500000
i Stage3Model90 6
0 1 2
2 1 3
v Stage3Model90 pnt 4
-1.500001 0.000000 -4.500000
-1.500001 1.000000 -4.500000
-1.499999 0.000000 -5.500000
-1.499999 1.000000 -5.500000
i Stage3Model91 6
0 1 2
2 1 3
v Stage3Model91 pnt 4
-1.500001 0.000000 -5.500000
-1.500001 1.000000 -5.500000
-1.499999 0.000000 -6.500000
-1.499999 1.000000 -6.500000
i Stage3Model92 6
0 1 2
2 1 3
v Stage3Model92 pnt 4
-1.500001 0.000000 -6.500000
-1.500001 1.000000 -6.500000
-1.499999 0.000000 -7.500000
-1.499999 1.000000 -7.500000
i Stage3Model93 6
0 1 2
2 1 3
v Stage3Model93 pnt 4
-1.500001 0.000000 -7.500000
-1.500001 1.000000 -7.500000
-1.499999 0.000000 -8.500000
-1.499999 1.000000 -8.500000
i Stage3Model94 6
0 1 2
2 1 3
v Stage3Model94 pnt 4
-1.500001 0.000000 -8.500000
-1.500001 1.000000 -8.500000
-1.499999 0.000000 -9.500000
-1.499999 1.000000 -9.500000
i Stage3Model95 6
0 1 2
2 1 3
v Stage3Model95 pnt 4
-1.500001 0.000000 -9.500000
-1.500001 1.000000 -9.500000
-1.499999 0.000000 -10.500000
-1.499999 1.000000 -10.500000
i Stage3Model96 6
0 1 2
2 1 3
v Stage3Model96 pnt 4
-1.500001 0.000000 -10.500000
-1.500001 1.000000 -10.500000
-1.499999 0.000000 -11.500000
-1.499999 1.000000 -11.500000
i Stage3Model97 6
0 1 2
2 1 3
v Stage3Model97 pnt 4
-1.500001 0.000000 -11.500000
-1.500001 1.000000 -11.500000
-1.499999 0.000000 -12.500000
-1.499999 1.000000 -12.500000
i Stage3Model98 6
0 1 2
2 1 3
v Stage3Model98 pnt 4
-1.500001 0.000000 -12.500000
-1.500001 1.000000 -12.500000
-1.499999 0.000000 -13.500000
-1.499999 1.000000 -13.500000
i Stage3Model99 6
0 1 2
2 1 3
v Stage3Model99 pnt 4
-1.500001 0.000000 -13.500000
-1.500001 1.000000 -13.500000
-1.499999 0.000000 -14.500000
-1.499999 1.000000 -14.500000
i Stage3Model100 6
0 1 2
2 1 3
v Stage3Model100 pnt 4
-1.500001 0.000000 -14.500000
-1.500001 1.000000 -14.500000
-1.499999 0.000000 -15.500000
-1.499999 1.000000 -15.500000
i Stage3Model101 6
0 1 2
2 1 3
v Stage3Model101 pnt 4
-1.500001 0.000000 -15.500000
-1.500001 1.000000 -15.500000
-1.499999 0.000000 -16.500000
-1.499999 1.000000 -16.500000
i Stage3Model102 6
0 1 2
2 1 3
v Stage3Model102 pnt 4
1.500001 0.000000 -21.500000
1.500000 1.000000 -21.500000
1.500000 0.000000 -20.500000
1.499999 1.000000 -20.500000
i Stage3Model103 6
0 1 2
2 1 3
v Stage3Model103 pnt 4
1.500001 0.000000 -22.500000
1.500000 1.000000 -22.500000
1.500000 0.000000 -21.500000
1.499999 1.000000 -21.500000
i Stage3Model104 6
0 1 2
2 1 3
v Stage3Model104 pnt 4
1.500001 0.000000 -23.500000
1.500000 1.000000 -23.500000
1.500000 0.000000 -22.500000
1.499999 1.000000 -22.500000
i Stage3Model105 6
0 1 2
2 1 3
v Stage3Model105 pnt 4
1.500001 0.000000 -24.500000
1.500000 1.000000 -24.500000
1.500000 0.000000 -23.500000
1.499999 1.000000 -23.500000
i Stage3Model106 6
0 1 2
2 1 3
v Stage3Model106 pnt 4
1.500001 0.000000 -25.500000
1.500000 1.000000 -25.500000
1.500000 0.000000 -24.500000
1.499999 1.000000 -24.500000
i Stage3Model107 6
0 1 2
2 1 3
v Stage3Model107 pnt 4
1.500001 0.000000 -26.500000
1.500000 1.000000 -26.500000
1.500000 0.000000 -25.500000
1.499999 1.000000 -25.500000
i Stage3Model108 6
0 1 2
2 1 3
v Stage3Model108 pnt 4
1.500001 0.000000 -27.500000
1.500000 1.000000 -27.500000
1.500000 0.000000 -26.500000
1.499999 1.000000 -26.500000
i Stage3Model109 6
0 1 2
2 1 3
v Stage3Model109 pnt 4
1.500001 0.000000 -28.500000
1.500000 1.000000 -28.500000
1.500000 0.000000 -27.500000
1.499999 1.000000 -27.500000
i Stage3Model110 6
0 1 2
2 1 3
v Stage3Model110 pnt 4
1.500001 0.000000 -29.500000
1.500000 1.000000 -29.500000
1.500000 0.000000 -28.500000
1.499999 1.000000 -28.500000
i Stage3Model111 6
0 1 2
2 1 3
v Stage3Model111 pnt 4
1.500001 0.000000 -30.500000
1.500000 1.000000 -30.500000
1.500000 0.000000 -29.500000
1.499999 1.000000 -29.500000
i Stage3Model112 6
0 1 2
2 1 3
v Stage3Model112 pnt 4
1.500001 0.000000 -31.500000
1.500000 1.000000 -31.500000
1.500000 0.000000 -30.500000
1.499999 1.000000 -30.500000
i Stage3Model113 6
0 1 2
2 1 3
v Stage3Model113 pnt 4
1.500001 0.000000 -32.500000
1.500000 1.000000 -32.500000
1.500000 0.000000 -31.500000
1.499999 1.000000 -31.500000
i Stage3Model114 6
0 1 2
2 1 3
v Stage3Model114 pnt 4
1.500001 0.000000 -33.500000
1.500000 1.000000 -33.500000
1.500000 0.000000 -32.500000
1.499999 1.000000 -32.500000
i Stage3Model115 6
0 1 2
2 1 3
v Stage3Model115 pnt 4
1.500001 0.000000 -34.500000
1.500000 1.000000 -34.500000
1.500000 0.000000 -33.500000
1.499999 1.000000 -33.500000
i Stage3Model116 6
0 1 2
2 1 3
v Stage3Model116 pnt 4
1.500001 0.000000 -35.500000
1.500000 1.000000 -35.500000
1.500000 0.000000 -34.500000
1.499999 1.000000 -34.500000
i Stage3Model117 6
0 1 2
2 1 3
v Stage3Model117 pnt 4
1.500001 0.000000 -36.500000
1.500000 1.000000 -36.500000
1.500000 0.000000 -35.500000
1.499999 1.000000 -35.500000
i Stage3Model118 6
0 1 2
2 1 3
v Stage3Model118 pnt 4
1.500001 0.000000 -37.500000
1.500000 1.000000 -37.500000
1.500000 0.000000 -36.500000
1.499999 1.000000 -36.500000
i Stage3Model119 6
0 1 2
2 1 3
v Stage3Model119 pnt 4
4.999979 1.500000 -36.500004
4.999979 2.500000 -36.500004
4.999980 1.500000 -37.500004
4.999980 2.500000 -37.500004
i Stage3Model120 6
0 1 2
2 1 3
v Stage3Model120 pnt 4
1.500001 1.000000 -37.500000
1.500001 0.000000 -37.500000
1.500001 1.000000 -39.000000
1.500001 0.000000 -39.000000
i Stage3Model121 6
0 1 2
2 1 3
v Stage3Model121 pnt 4
1.500001 0.000000 -40.000000
1.500000 1.000000 -40.000000
1.500000 0.000000 -39.000000
1.499999 1.000000 -39.000000
i Stage3Model122 6
0 1 2
2 1 3
v Stage3Model122 pnt 4
1.500001 0.000000 -41.000000
1.500000 1.000000 -41.000000
1.500000 0.000000 -40.000000
1.499999 1.000000 -40.000000
i Stage3Model123 6
0 1 2
2 1 3
v Stage3Model123 pnt 4
1.500001 0.000000 -42.000000
1.500000 1.000000 -42.000000
1.500000 0.000000 -41.000000
1.499999 1.000000 -41.000000
i Stage3Model124 6
0 1 2
2 1 3
v Stage3Model124 pnt 4
4.999979 1.500000 -37.500004
4.999979 2.500000 -37.500004
4.999980 1.500000 -38.500004
4.999980 2.500000 -38.500004
i Stage3Model125 6
0 1 2
2 1 3
v Stage3Model125 pnt 4
-1.499999 1.000000 -42.000000
-1.499999 0.000000 -42.000000
-1.499999 1.000000 -40.500000
-1.499999 0.000000 -40.500000
i Stage3Model126 6
0 1 2
2 1 3
v Stage3Model126 pnt 4
-1.500001 0.000000 -39.500000
-1.500001 1.000000 -39.500000
-1.499999 0.000000 -40.500000
-1.499999 1.000000 -40.500000
i Stage3Model127 6
0 1 2
2 1 3
v Stage3Model127 pnt 4
-1.500001 0.000000 -38.500000
-1.500001 1.000000 -38.500000
-1.499999 0.000000 -39.500000
-1.499999 1.000000 -39.500000
i Stage3Model128 6
0 1 2
2 1 3
v Stage3Model128 pnt 4
-1.500001 0.000000 -37.500000
-1.500001 1.000000 -37.500000
-1.499999 0.000000 -38.500000
-1.499999 1.000000 -38.500000
i Stage3Model129 6
0 1 2
2 1 3
v Stage3Model129 pnt 4
-1.500001 0.000000 -36.500000
-1.500001 1.000000 -36.500000
-1.499999 0.000000 -37.500000
-1.499999 1.000000 -37.500000
i Stage3Model130 6
0 1 2
2 1 3
v Stage3Model130 pnt 4
-1.500001 0.000000 -35.500000
-1.500001 1.000000 -35.500000
-1.499999 0.000000 -36.500000
-1.499999 1.000000 -36.500000
i Stage3Model131 6
0 1 2
2 1 3
v Stage3Model131 pnt 4
-1.500001 0.000000 -34.500000
-1.500001 1.000000 -34.500000
-1.499999 0.000000 -35.500000
-1.499999 1.000000 -35.500000
i Stage3Model132 6
0 1 2
2 1 3
v Stage3Model132 pnt 4
-1.500001 0.000000 -33.500000
-1.500001 1.000000 -33.500000
-1.499999 0.000000 -34.500000
-1.499999 1.000000 -34.500000
i Stage3Model133 6
0 1 2
2 1 3
v Stage3Model133 pnt 4
-1.500001 0.000000 -32.500000
-1.500001 1.000000 -32.500000
-1.499999 0.000000 -33.500000
-1.499999 1.000000 -33.500000
i Stage3Model134 6
0 1 2
2 1 3
v Stage3Model134 pnt 4
-1.500001 0.000000 -31.500000
-1.500001 1.000000 -31.500000
-1.499999 0.000000 -32.500000
-1.499999 1.000000 -32.500000
i Stage3Model135 6
0 1 2
2 1 3
v Stage3Model135 pnt 4
-1.500001 0.000000 -30.500000
-1.500001 1.000000 -30.500000
-1.499999 0.000000 -31.500000
-1.499999 1.000000 -31.500000
i Stage3Model136 6
0 1 2
2 1 3
v Stage3Model136 pnt 4
-1.500001 0.000000 -29.500000
-1.500001 1.000000 -29.500000
-1.499999 0.000000 -30.500000
-1.499999 1.000000 -30.500000
i Stage3Model137 6
0 1 2
2 1 3
v Stage3Model137 pnt 4
-1.500001 0.000000 -28.500000
-1.500001 1.000000 -28.500000
-1.499999 0.000000 -29.500000
-1.499999 1.000000 -29.500000
i Stage3Model138 6
0 1 2
2 1 3
v Stage3Model138 pnt 4
-1.500001 0.000000 -27.500000
-1.500001 1.000000 -27.500000
-1.499999 0.000000 -28.500000
-1.499999 1.000000 -28.500000
i Stage3Model139 6
0 1 2
2 1 3
v Stage3Model139 pnt 4
1.500000 0.000000 -42.000000
1.500000 1.000000 -42.000000
2.500000 0.000000 -42.000000
2.500000 1.000000 -42.000000
i Stage3Model140 6
0 1 2
2 1 3
v Stage3Model140 pnt 4
2.500000 0.000000 -42.000000
2.500000 1.000000 -42.000000
3.500000 0.000000 -42.000000
3.500000 1.000000 -42.000000
i Stage3Model141 6
0 1 2
2 1 3
v Stage3Model141 pnt 4
4.999979 1.500000 -39.500004
4.999979 2.500000 -39.500004
4.999980 1.500000 -40.500004
4.999980 2.500000 -40.500004
i Stage3Model142 6
0 1 2
2 1 3
v Stage3Model142 pnt 4
8.000000 0.000000 -42.000000
8.000000 1.000000 -42.000000
9.000000 0.000000 -42.000000
9.000000 1.000000 -42.000000
i Stage3Model143 6
0 1 2
2 1 3
v Stage3Model143 pnt 4
9.000000 0.000000 -42.000000
9.000000 1.000000 -42.000000
10.000000 0.000000 -42.000000
10.000000 1.000000 -42.000000
i Stage3Model144 6
0 1 2
2 1 3
v Stage3Model144 pnt 4
10.000000 0.000000 -42.000000
9.999999 1.000000 -42.000000
10.000001 0.000000 -43.000000
10.000000 1.000000 -43.000000
i Stage3Model145 6
0 1 2
2 1 3
v Stage3Model145 pnt 4
10.000000 0.000000 -43.000000
9.999999 1.000000 -43.000000
10.000001 0.000000 -44.000000
10.000000 1.000000 -44.000000
i Stage3Model146 6
0 1 2
2 1 3
v Stage3Model146 pnt 4
10.000000 0.000000 -44.000000
9.999999 1.000000 -44.000000
10.000001 0.000000 -45.000000
10.000000 1.000000 -45.000000
i Stage3Model147 6
0 1 2
2 1 3
v Stage3Model147 pnt 4
10.000000 0.000000 -45.000000
9.999999 1.000000 -45.000000
10.000001 0.000000 -46.000000
10.000000 1.000000 -46.000000
i Stage3Model148 6
0 1 2
2 1 3
v Stage3Model148 pnt 4
10.000000 0.000000 -46.000000
10.000000 1.000000 -46.000000
9.000000 0.000000 -46.000000
9.000000 1.000000 -46.000000
i Stage3Model149 6
0 1 2
2 1 3
v Stage3Model149 pnt 4
9.000000 0.000000 -46.000000
9.000000 1.000000 -46.000000
8.000000 0.000000 -46.000000
8.000000 1.000000 -46.000000
i Stage3Model150 6
0 1 2
2 1 3
v Stage3Model150 pnt 4
8.000000 0.000000 -46.000000
8.000000 1.000000 -46.000000
7.000000 0.000000 -46.000000
7.000000 1.000000 -46.000000
i Stage3Model151 6
0 1 2
2 1 3
v Stage3Model151 pnt 4
7.000000 0.000000 -46.000000
7.000000 1.000000 -46.000000
6.000000 0.000000 -46.000000
6.000000 1.000000 -46.000000
i Stage3Model152 6
0 1 2
2 1 3
v Stage3Model152 pnt 4
6.000000 0.000000 -46.000000
6.000000 1.000000 -46.000000
5.000000 0.000000 -46.000000
5.000000 1.000000 -46.000000
i Stage3Model153 6
0 1 2
2 1 3
v Stage3Model153 pnt 4
5.000000 0.000000 -46.000000
5.000000 1.000000 -46.000000
4.000000 0.000000 -46.000000
4.000000 1.000000 -46.000000
i Stage3Model154 6
0 1 2
2 1 3
v Stage3Model154 pnt 4
4.000000 0.000000 -46.000000
4.000000 1.000000 -46.000000
3.000000 0.000000 -46.000000
3.000000 1.000000 -46.000000
i Stage3Model155 6
0 1 2
2 1 3
v Stage3Model155 pnt 4
3.000000 0.000000 -46.000000
3.000000 1.000000 -46.000000
2.000000 0.000000 -46.000000
2.000000 1.000000 -46.000000
i Stage3Model156 6
0 1 2
2 1 3
v Stage3Model156 pnt 4
2.000000 0.000000 -46.000000
2.000000 1.000000 -46.000000
1.000000 0.000000 -46.000000
1.000000 1.000000 -46.000000
i Stage3Model157 6
0 1 2
2 1 3
v Stage3Model157 pnt 4
1.000000 0.000000 -46.000000
1.000000 1.000000 -46.000000
0.000000 0.000000 -46.000000
0.000000 1.000000 -46.000000
i Stage3Model158 6
0 1 2
2 1 3
v Stage3Model158 pnt 4
0.000000 0.000000 -46.000000
0.000000 1.000000 -46.000000
-1.000000 0.000000 -46.000000
-1.000000 1.000000 -46.000000
i Stage3Model159 6
0 1 2
2 1 3
v Stage3Model159 pnt 4
-1.000000 0.000000 -46.000000
-1.000000 1.000000 -46.000000
-2.000000 0.000000 -46.000000
-2.000000 1.000000 -46.000000
i Stage3Model160 6
0 1 2
2 1 3
v Stage3Model160 pnt 4
-2.000000 0.000000 -46.000000
-2.000000 1.000000 -46.000000
-3.000000 0.000000 -46.000000
-3.000000 1.000000 -46.000000
i Stage3Model161 6
0 1 2
2 1 3
v Stage3Model161 pnt 4
-9.000000 1.500000 -40.500000
-9.000000 2.500000 -40.500000
-10.000000 1.500000 -40.500000
-10.000000 2.500000 -40.500000
i Stage3Model162 6
0 1 2
2 1 3
v Stage3Model162 pnt 4
-8.000000 1.500000 -40.500000
-8.000000 2.500000 -40.500000
-9.000000 1.500000 -40.500000
-9.000000 2.500000 -40.500000
i Stage3Model163 6
0 1 2
2 1 3
v Stage3Model163 pnt 4
-7.000000 1.500000 -40.500000
-7.000000 2.500000 -40.500000
-8.000000 1.500000 -40.500000
-8.000000 2.500000 -40.500000
i Stage3Model164 6
0 1 2
2 1 3
v Stage3Model164 pnt 4
-4.000000 1.500000 -39.500000
-4.000000 2.500000 -39.500000
-4.000000 1.500000 -40.500000
-4.000000 2.500000 -40.500000
i Stage3Model165 6
0 1 2
2 1 3
v Stage3Model165 pnt 4
-4.000000 1.500000 -38.500000
-4.000000 2.500000 -38.500000
-4.000000 1.500000 -39.500000
-4.000000 2.500000 -39.500000
i Stage3Model166 6
0 1 2
2 1 3
v Stage3Model166 pnt 4
-4.000000 1.500000 -37.500000
-4.000000 2.500000 -37.500000
-4.000000 1.500000 -38.500000
-4.000000 2.500000 -38.500000
i Stage3Model167 6
0 1 2
2 1 3
v Stage3Model167 pnt 4
-4.000000 1.500000 -36.500000
-4.000000 2.500000 -36.500000
-4.000000 1.500000 -37.500000
-4.000000 2.500000 -37.500000
i Stage3Model168 6
0 1 2
2 1 3
v Stage3Model168 pnt 4
-4.000000 1.500000 -35.500000
-4.000000 2.500000 -35.500000
-4.000000 1.500000 -36.500000
-4.000000 2.500000 -36.500000
i Stage3Model169 6
0 1 2
2 1 3
v Stage3Model169 pnt 4
-4.000000 1.500000 -34.500000
-4.000000 2.500000 -34.500000
-4.000000 1.500000 -35.500000
-4.000000 2.500000 -35.500000
i Stage3Model170 6
0 1 2
2 1 3
v Stage3Model170 pnt 4
-4.000000 1.500000 -33.500000
-4.000000 2.500000 -33.500000
-4.000000 1.500000 -34.500000
-4.000000 2.500000 -34.500000
i Stage3Model171 6
0 1 2
2 1 3
v Stage3Model171 pnt 4
-4.000000 1.500000 -32.500000
-4.000000 2.500000 -32.500000
-4.000000 1.500000 -33.500000
-4.000000 2.500000 -33.500000
i Stage3Model172 6
0 1 2
2 1 3
v Stage3Model172 pnt 4
-4.000000 1.500000 -31.500000
-4.000000 2.500000 -31.500000
-4.000000 1.500000 -32.500000
-4.000000 2.500000 -32.500000
i Stage3Model173 6
0 1 2
2 1 3
v Stage3Model173 pnt 4
-5.000000 1.500000 -31.500000
-5.000000 2.500000 -31.500000
-4.000000 1.500000 -31.500000
-4.000000 2.500000 -31.500000
i Stage3Model174 6
0 1 2
2 1 3
v Stage3Model174 pnt 4
-6.000000 1.500000 -31.500000
-6.000000 2.500000 -31.500000
-5.000000 1.500000 -31.500000
-5.000000 2.500000 -31.500000
i Stage3Model175 6
0 1 2
2 1 3
v Stage3Model175 pnt 4
-6.000000 2.500000 -31.500000
-6.000000 1.500000 -31.500000
-7.500000 2.500000 -31.500000
-7.500000 1.500000 -31.500000
i Stage3Model176 6
0 1 2
2 1 3
v Stage3Model176 pnt 4
4.999979 1.500000 -35.500004
4.999979 2.500000 -35.500004
4.999980 1.500000 -36.500004
4.999980 2.500000 -36.500004
i Stage3Model177 6
0 1 2
2 1 3
v Stage3Model177 pnt 4
-7.500000 1.500000 -30.500000
-7.500000 2.500000 -30.500000
-7.500000 1.500000 -31.500000
-7.500000 2.500000 -31.500000
i Stage3Model178 6
0 1 2
2 1 3
v Stage3Model178 pnt 4
-7.500000 1.500000 -29.500000
-7.500000 2.500000 -29.500000
-7.500000 1.500000 -30.500000
-7.500000 2.500000 -30.500000
i Stage3Model179 6
0 1 2
2 1 3
v Stage3Model179 pnt 4
-7.500000 1.500000 -28.500000
-7.500000 2.500000 -28.500000
-7.500000 1.500000 -29.500000
-7.500000 2.500000 -29.500000
i Stage3Model180 6
0 1 2
2 1 3
v Stage3Model180 pnt 4
-7.500000 1.500000 -27.500000
-7.500000 2.500000 -27.500000
-7.500000 1.500000 -28.500000
-7.500000 2.500000 -28.500000
i Stage3Model181 6
0 1 2
2 1 3
v Stage3Model181 pnt 4
-7.500000 1.500000 -26.500000
-7.500000 2.500000 -26.500000
-7.500000 1.500000 -27.500000
-7.500000 2.500000 -27.500000
i Stage3Model182 6
0 1 2
2 1 3
v Stage3Model182 pnt 4
-7.500000 1.500000 -25.500000
-7.500000 2.500000 -25.500000
-7.500000 1.500000 -26.500000
-7.500000 2.500000 -26.500000
i Stage3Model183 6
0 1 2
2 1 3
v Stage3Model183 pnt 4
-7.500000 1.500000 -24.500000
-7.500000 2.500000 -24.500000
-7.500000 1.500000 -25.500000
-7.500000 2.500000 -25.500000
i Stage3Model184 6
0 1 2
2 1 3
v Stage3Model184 pnt 4
-7.500000 1.500000 -23.500000
-7.500000 2.500000 -23.500000
-7.500000 1.500000 -24.500000
-7.500000 2.500000 -24.500000
i Stage3Model185 6
0 1 2
2 1 3
v Stage3Model185 pnt 4
-7.500000 1.500000 -22.500000
-7.500000 2.500000 -22.500000
-7.500000 1.500000 -23.500000
-7.500000 2.500000 -23.500000
i Stage3Model186 6
0 1 2
2 1 3
v Stage3Model186 pnt 4
-7.500000 1.500000 -21.500000
-7.500000 2.500000 -21.500000
-7.500000 1.500000 -22.500000
-7.500000 2.500000 -22.500000
i Stage3Model187 6
0 1 2
2 1 3
v Stage3Model187 pnt 4
-7.500000 1.500000 -20.500000
-7.500000 2.500000 -20.500000
-7.500000 1.500000 -21.500000
-7.500000 2.500000 -21.500000
i Stage3Model188 6
0 1 2
2 1 3
v Stage3Model188 pnt 4
-7.500000 1.500000 -17.500000
-7.500000 2.500000 -17.500000
-7.500000 1.500000 -18.500000
-7.500000 2.500000 -18.500000
i Stage3Model189 6
0 1 2
2 1 3
v Stage3Model189 pnt 4
-7.500000 1.500000 -16.500000
-7.500000 2.500000 -16.500000
-7.500000 1.500000 -17.500000
-7.500000 2.500000 -17.500000
i Stage3Model190 6
0 1 2
2 1 3
v Stage3Model190 pnt 4
-7.500000 1.500000 -15.500000
-7.500000 2.500000 -15.500000
-7.500000 1.500000 -16.500000
-7.500000 2.500000 -16.500000
i Stage3Model191 6
0 1 2
2 1 3
v Stage3Model191 pnt 4
-7.500000 1.500000 -14.500000
-7.500000 2.500000 -14.500000
-7.500000 1.500000 -15.500000
-7.500000 2.500000 -15.500000
i Stage3Model192 6
0 1 2
2 1 3
v Stage3Model192 pnt 4
-7.500000 1.500000 -13.500000
-7.500000 2.500000 -13.500000
-7.500000 1.500000 -14.500000
-7.500000 2.500000 -14.500000
i Stage3Model193 6
0 1 2
2 1 3
v Stage3Model193 pnt 4
-7.500000 1.500000 -12.500000
-7.500000 2.500000 -12.500000
-7.500000 1.500000 -13.500000
-7.500000 2.500000 -13.500000
i Stage3Model194 6
0 1 2
2 1 3
v Stage3Model194 pnt 4
-7.500000 1.500000 -11.500000
-7.500000 2.500000 -11.500000
-7.500000 1.500000 -12.500000
-7.500000 2.500000 -12.500000
i Stage3Model195 6
0 1 2
2 1 3
v Stage3Model195 pnt 4
-7.500000 1.500000 -10.500000
-7.500000 2.500000 -10.500000
-7.500000 1.500000 -11.500000
-7.500000 2.500000 -11.500000
i Stage3Model196 6
0 1 2
2 1 3
v Stage3Model196 pnt 4
-7.500000 1.500000 -9.500000
-7.500000 2.500000 -9.500000
-7.500000 1.500000 -10.500000
-7.500000 2.500000 -10.500000
i Stage3Model197 6
0 1 2
2 1 3
v Stage3Model197 pnt 4
-8.500000 1.500000 -7.500000
-8.500000 2.500000 -7.500000
-7.500000 1.500000 -7.500000
-7.500000 2.500000 -7.500000
i Stage3Model198 6
0 1 2
2 1 3
v Stage3Model198 pnt 4
-8.500000 2.500000 -7.500000
-8.500000 1.500000 -7.500000
-10.000000 2.500000 -7.500000
-10.000000 1.500000 -7.500000
i Stage3Model199 6
0 1 2
2 1 3
v Stage3Model199 pnt 4
4.999979 1.500000 -34.500004
4.999979 2.500000 -34.500004
4.999980 1.500000 -35.500004
4.999980 2.500000 -35.500004
i Stage3Model200 6
0 1 2
2 1 3
v Stage3Model200 pnt 4
-10.000000 1.500000 -8.500000
-10.000000 2.500000 -8.500000
-10.000000 1.500000 -7.500000
-10.000000 2.500000 -7.500000
i Stage3Model201 6
0 1 2
2 1 3
v Stage3Model201 pnt 4
-10.000000 1.500000 -9.500000
-10.000000 2.500000 -9.500000
-10.000000 1.500000 -8.500000
-10.000000 2.500000 -8.500000
i Stage3Model202 6
0 1 2
2 1 3
v Stage3Model202 pnt 4
-10.000000 1.500000 -10.500000
-10.000000 2.500000 -10.500000
-10.000000 1.500000 -9.500000
-10.000000 2.500000 -9.500000
i Stage3Model203 6
0 1 2
2 1 3
v Stage3Model203 pnt 4
-10.000000 1.500000 -11.500000
-10.000000 2.500000 -11.500000
-10.000000 1.500000 -10.500000
-10.000000 2.500000 -10.500000
i Stage3Model204 6
0 1 2
2 1 3
v Stage3Model204 pnt 4
-10.000000 1.500000 -12.500000
-10.000000 2.500000 -12.500000
-10.000000 1.500000 -11.500000
-10.000000 2.500000 -11.500000
i Stage3Model205 6
0 1 2
2 1 3
v Stage3Model205 pnt 4
-10.000000 1.500000 -13.500000
-10.000000 2.500000 -13.500000
-10.000000 1.500000 -12.500000
-10.000000 2.500000 -12.500000
i Stage3Model206 6
0 1 2
2 1 3
v Stage3Model206 pnt 4
-10.000000 1.500000 -14.500000
-10.000000 2.500000 -14.500000
-10.000000 1.500000 -13.500000
-10.000000 2.500000 -13.500000
i Stage3Model207 6
0 1 2
2 1 3
v Stage3Model207 pnt 4
-10.000000 1.500000 -15.500000
-10.000000 2.500000 -15.500000
-10.000000 1.500000 -14.500000
-10.000000 2.500000 -14.500000
i Stage3Model208 6
0 1 2
2 1 3
v Stage3Model208 pnt 4
-10.000000 1.500000 -16.500000
-10.000000 2.500000 -16.500000
-10.000000 1.500000 -15.500000
-10.000000 2.500000 -15.500000
i Stage3Model209 6
0 1 2
2 1 3
v Stage3Model209 pnt 4
-10.000000 1.500000 -17.500000
-10.000000 2.500000 -17.500000
-10.000000 1.500000 -16.500000
-10.000000 2.500000 -16.500000
i Stage3Model210 6
0 1 2
2 1 3
v Stage3Model210 pnt 4
-10.000000 1.500000 -18.500000
-10.000000 2.500000 -18.500000
-10.000000 1.500000 -17.500000
-10.000000 2.500000 -17.500000
i Stage3Model211 6
0 1 2
2 1 3
v Stage3Model211 pnt 4
-10.000000 1.500000 -19.500000
-10.000000 2.500000 -19.500000
-10.000000 1.500000 -18.500000
-10.000000 2.500000 -18.500000
i Stage3Model212 6
0 1 2
2 1 3
v Stage3Model212 pnt 4
-10.000000 1.500000 -20.500000
-10.000000 2.500000 -20.500000
-10.000000 1.500000 -19.500000
-10.000000 2.500000 -19.500000
i Stage3Model213 6
0 1 2
2 1 3
v Stage3Model213 pnt 4
-10.000000 1.500000 -21.500000
-10.000000 2.500000 -21.500000
-10.000000 1.500000 -20.500000
-10.000000 2.500000 -20.500000
i Stage3Model214 6
0 1 2
2 1 3
v Stage3Model214 pnt 4
-10.000000 1.500000 -22.500000
-10.000000 2.500000 -22.500000
-10.000000 1.500000 -21.500000
-10.000000 2.500000 -21.500000
i Stage3Model215 6
0 1 2
2 1 3
v Stage3Model215 pnt 4
-10.000000 1.500000 -23.500000
-10.000000 2.500000 -23.500000
-10.000000 1.500000 -22.500000
-10.000000 2.500000 -22.500000
i Stage3Model216 6
0 1 2
2 1 3
v Stage3Model216 pnt 4
-10.000000 1.500000 -24.500000
-10.000000 2.500000 -24.500000
-10.000000 1.500000 -23.500000
-10.000000 2.500000 -23.500000
i Stage3Model217 6
0 1 2
2 1 3
v Stage3Model217 pnt 4
-10.000000 1.500000 -25.500000
-10.000000 2.500000 -25.500000
-10.000000 1.500000 -24.500000
-10.000000 2.500000 -24.500000
i Stage3Model218 6
0 1 2
2 1 3
v Stage3Model218 pnt 4
-10.000000 1.500000 -26.500000
-10.000000 2.500000 -26.500000
-10.000000 1.500000 -25.500000
-10.000000 2.500000 -25.500000
i Stage3Model219 6
0 1 2
2 1 3
v Stage3Model219 pnt 4
-10.000000 1.500000 -27.500000
-10.000000 2.500000 -27.500000
-10.000000 1.500000 -26.500000
-10.000000 2.500000 -26.500000
i Stage3Model220 6
0 1 2
2 1 3
v Stage3Model220 pnt 4
-10.000000 1.500000 -28.500000
-10.000000 2.500000 -28.500000
-10.000000 1.500000 -27.500000
-10.000000 2.500000 -27.500000
i Stage3Model221 6
0 1 2
2 1 3
v Stage3Model221 pnt 4
-10.000000 1.500000 -29.500000
-10.000000 2.500000 -29.500000
-10.000000 1.500000 -28.500000
-10.000000 2.500000 -28.500000
i Stage3Model222 6
0 1 2
2 1 3
v Stage3Model222 pnt 4
-10.000000 1.500000 -30.500000
-10.000000 2.500000 -30.500000
-10.000000 1.500000 -29.500000
-10.000000 2.500000 -29.500000
i Stage3Model223 6
0 1 2
2 1 3
v Stage3Model223 pnt 4
-10.000000 1.500000 -31.500000
-10.000000 2.500000 -31.500000
-10.000000 1.500000 -30.500000
-10.000000 2.500000 -30.500000
i Stage3Model224 6
0 1 2
2 1 3
v Stage3Model224 pnt 4
-10.000000 1.500000 -32.500000
-10.000000 2.500000 -32.500000
-10.000000 1.500000 -31.500000
-10.000000 2.500000 -31.500000
i Stage3Model225 6
0 1 2
2 1 3
v Stage3Model225 pnt 4
-10.000000 1.500000 -33.500000
-10.000000 2.500000 -33.500000
-10.000000 1.500000 -32.500000
-10.000000 2.500000 -32.500000
i Stage3Model226 6
0 1 2
2 1 3
v Stage3Model226 pnt 4
-10.000000 1.500000 -34.500000
-10.000000 2.500000 -34.500000
-10.000000 1.500000 -33.500000
-10.000000 2.500000 -33.500000
i Stage3Model227 6
0 1 2
2 1 3
v Stage3Model227 pnt 4
-10.000000 1.500000 -35.500000
-10.000000 2.500000 -35.500000
-10.000000 1.500000 -34.500000
-10.000000 2.500000 -34.500000
i Stage3Model228 6
0 1 2
2 1 3
v Stage3Model228 pnt 4
-10.000000 1.500000 -36.500000
-10.000000 2.500000 -36.500000
-10.000000 1.500000 -35.500000
-10.000000 2.500000 -35.500000
i Stage3Model229 6
0 1 2
2 1 3
v Stage3Model229 pnt 4
-10.000000 1.500000 -37.500000
-10.000000 2.500000 -37.500000
-10.000000 1.500000 -36.500000
-10.000000 2.500000 -36.500000
i Stage3Model230 6
0 1 2
2 1 3
v Stage3Model230 pnt 4
-10.000000 1.500000 -38.500000
-10.000000 2.500000 -38.500000
-10.000000 1.500000 -37.500000
-10.000000 2.500000 -37.500000
i Stage3Model231 6
0 1 2
2 1 3
v Stage3Model231 pnt 4
-10.000000 1.500000 -39.500000
-10.000000 2.500000 -39.500000
-10.000000 1.500000 -38.500000
-10.000000 2.500000 -38.500000
i Stage3Model232 6
0 1 2
2 1 3
v Stage3Model232 pnt 4
-10.000000 1.500000 -40.500000
-10.000000 2.500000 -40.500000
-10.000000 1.500000 -39.500000
-10.000000 2.500000 -39.500000
i Stage3Model233 6
0 1 2
2 1 3
v Stage3Model233 pnt 4
-4.000000 4.000000 -9.500000
-4.000000 5.000000 -9.500000
-5.000000 4.000000 -9.500000
-5.000000 5.000000 -9.500000
i Stage3Model234 6
0 1 2
2 1 3
v Stage3Model234 pnt 4
-3.000000 4.000000 -9.500000
-3.000000 5.000000 -9.500000
-4.000000 4.000000 -9.500000
-4.000000 5.000000 -9.500000
i Stage3Model235 6
0 1 2
2 1 3
v Stage3Model235 pnt 4
-2.000000 4.000000 -9.500000
-2.000000 5.000000 -9.500000
-3.000000 4.000000 -9.500000
-3.000000 5.000000 -9.500000
i Stage3Model236 6
0 1 2
2 1 3
v Stage3Model236 pnt 4
-1.000000 4.000000 -9.500000
-1.000000 5.000000 -9.500000
-2.000000 4.000000 -9.500000
-2.000000 5.000000 -9.500000
i Stage3Model237 6
0 1 2
2 1 3
v Stage3Model237 pnt 4
0.000000 4.000000 -9.500000
0.000000 5.000000 -9.500000
-1.000000 4.000000 -9.500000
-1.000000 5.000000 -9.500000
i Stage3Model238 6
0 1 2
2 1 3
v Stage3Model238 pnt 4
1.000000 4.000000 -9.500000
1.000000 5.000000 -9.500000
0.000000 4.000000 -9.500000
0.000000 5.000000 -9.500000
i Stage3Model239 6
0 1 2
2 1 3
v Stage3Model239 pnt 4
2.000000 4.000000 -9.500000
2.000000 5.000000 -9.500000
1.000000 4.000000 -9.500000
1.000000 5.000000 -9.500000
i Stage3Model240 6
0 1 2
2 1 3
v Stage3Model240 pnt 4
3.000000 4.000000 -9.500000
3.000000 5.000000 -9.500000
2.000000 4.000000 -9.500000
2.000000 5.000000 -9.500000
i Stage3Model241 6
0 1 2
2 1 3
v Stage3Model241 pnt 4
4.000000 4.000000 -9.500000
4.000000 5.000000 -9.500000
3.000000 4.000000 -9.500000
3.000000 5.000000 -9.500000
i Stage3Model242 6
0 1 2
2 1 3
v Stage3Model242 pnt 4
5.000000 4.000000 -9.500000
5.000000 5.000000 -9.500000
4.000000 4.000000 -9.500000
4.000000 5.000000 -9.500000
i Stage3Model243 6
0 1 2
2 1 3
v Stage3Model243 pnt 4
4.000000 4.000000 -7.500000
4.000000 5.000000 -7.500000
5.000000 4.000000 -7.500000
5.000000 5.000000 -7.500000
i Stage3Model244 6
0 1 2
2 1 3
v Stage3Model244 pnt 4
3.000000 4.000000 -7.500000
3.000000 5.000000 -7.500000
4.000000 4.000000 -7.500000
4.000000 5.000000 -7.500000
i Stage3Model245 6
0 1 2
2 1 3
v Stage3Model245 pnt 4
2.000000 4.000000 -7.500000
2.000000 5.000000 -7.500000
3.000000 4.000000 -7.500000
3.000000 5.000000 -7.500000
i Stage3Model246 6
0 1 2
2 1 3
v Stage3Model246 pnt 4
1.000000 4.000000 -7.500000
1.000000 5.000000 -7.500000
2.000000 4.000000 -7.500000
2.000000 5.000000 -7.500000
i Stage3Model247 6
0 1 2
2 1 3
v Stage3Model247 pnt 4
0.000000 4.000000 -7.500000
0.000000 5.000000 -7.500000
1.000000 4.000000 -7.500000
1.000000 5.000000 -7.500000
i Stage3Model248 6
0 1 2
2 1 3
v Stage3Model248 pnt 4
-1.000000 4.000000 -7.500000
-1.000000 5.000000 -7.500000
0.000000 4.000000 -7.500000
0.000000 5.000000 -7.500000
i Stage3Model249 6
0 1 2
2 1 3
v Stage3Model249 pnt 4
-2.000000 4.000000 -7.500000
-2.000000 5.000000 -7.500000
-1.000000 4.000000 -7.500000
-1.000000 5.000000 -7.500000
i Stage3Model250 6
0 1 2
2 1 3
v Stage3Model250 pnt 4
-3.000000 4.000000 -7.500000
-3.000000 5.000000 -7.500000
-2.000000 4.000000 -7.500000
-2.000000 5.000000 -7.500000
i Stage3Model251 6
0 1 2
2 1 3
v Stage3Model251 pnt 4
-4.000000 4.000000 -7.500000
-4.000000 5.000000 -7.500000
-3.000000 4.000000 -7.500000
-3.000000 5.000000 -7.500000
i Stage3Model252 6
0 1 2
2 1 3
v Stage3Model252 pnt 4
-5.000000 4.000000 -7.500000
-5.000000 5.000000 -7.500000
-4.000000 4.000000 -7.500000
-4.000000 5.000000 -7.500000
i Stage3Model253 6
0 1 2
2 1 3
v Stage3Model253 pnt 4
7.500001 1.500000 -10.500000
7.500000 2.500000 -10.500000
7.500000 1.500000 -9.500000
7.499999 2.500000 -9.500000
i Stage3Model254 6
0 1 2
2 1 3
v Stage3Model254 pnt 4
7.500001 1.500000 -11.500000
7.500000 2.500000 -11.500000
7.500000 1.500000 -10.500000
7.499999 2.500000 -10.500000
i Stage3Model255 6
0 1 2
2 1 3
v Stage3Model255 pnt 4
7.500001 1.500000 -14.500000
7.500000 2.500000 -14.500000
7.500000 1.500000 -13.500000
7.499999 2.500000 -13.500000
i Stage3Model256 6
0 1 2
2 1 3
v Stage3Model256 pnt 4
7.500001 1.500000 -13.500000
7.500000 2.500000 -13.500000
7.500000 1.500000 -12.500000
7.499999 2.500000 -12.500000
i Stage3Model257 6
0 1 2
2 1 3
v Stage3Model257 pnt 4
7.500001 1.500000 -15.500000
7.500000 2.500000 -15.500000
7.500000 1.500000 -14.500000
7.499999 2.500000 -14.500000
i Stage3Model258 6
0 1 2
2 1 3
v Stage3Model258 pnt 4
7.500001 1.500000 -16.500000
7.500000 2.500000 -16.500000
7.500000 1.500000 -15.500000
7.499999 2.500000 -15.500000
i Stage3Model259 6
0 1 2
2 1 3
v Stage3Model259 pnt 4
7.500001 1.500000 -17.500000
7.500000 2.500000 -17.500000
7.500000 1.500000 -16.500000
7.499999 2.500000 -16.500000
i Stage3Model260 6
0 1 2
2 1 3
v Stage3Model260 pnt 4
7.500001 1.500000 -18.500000
7.500000 2.500000 -18.500000
7.500000 1.500000 -17.500000
7.499999 2.500000 -17.500000
i Stage3Model261 6
0 1 2
2 1 3
v Stage3Model261 pnt 4
7.500001 1.500000 -21.500000
7.500000 2.500000 -21.500000
7.500000 1.500000 -20.500000
7.499999 2.500000 -20.500000
i Stage3Model262 6
0 1 2
2 1 3
v Stage3Model262 pnt 4
7.500001 1.500000 -22.500000
7.500000 2.500000 -22.500000
7.500000 1.500000 -21.500000
7.499999 2.500000 -21.500000
i Stage3Model263 6
0 1 2
2 1 3
v Stage3Model263 pnt 4
7.500001 1.500000 -23.500000
7.500000 2.500000 -23.500000
7.500000 1.500000 -22.500000
7.499999 2.500000 -22.500000
i Stage3Model264 6
0 1 2
2 1 3
v Stage3Model264 pnt 4
7.500001 1.500000 -24.500000
7.500000 2.500000 -24.500000
7.500000 1.500000 -23.500000
7.499999 2.500000 -23.500000
i Stage3Model265 6
0 1 2
2 1 3
v Stage3Model265 pnt 4
7.500001 1.500000 -25.500000
7.500000 2.500000 -25.500000
7.500000 1.500000 -24.500000
7.499999 2.500000 -24.500000
i Stage3Model266 6
0 1 2
2 1 3
v Stage3Model266 pnt 4
7.500001 1.500000 -26.500000
7.500000 2.500000 -26.500000
7.500000 1.500000 -25.500000
7.499999 2.500000 -25.500000
i Stage3Model267 6
0 1 2
2 1 3
v Stage3Model267 pnt 4
7.500001 1.500000 -27.500000
7.500000 2.500000 -27.500000
7.500000 1.500000 -26.500000
7.499999 2.500000 -26.500000
i Stage3Model268 6
0 1 2
2 1 3
v Stage3Model268 pnt 4
7.500001 1.500000 -28.500000
7.500000 2.500000 -28.500000
7.500000 1.500000 -27.500000
7.499999 2.500000 -27.500000
i Stage3Model269 6
0 1 2
2 1 3
v Stage3Model269 pnt 4
7.500001 1.500000 -29.500000
7.500000 2.500000 -29.500000
7.500000 1.500000 -28.500000
7.499999 2.500000 -28.500000
i Stage3Model270 6
0 1 2
2 1 3
v Stage3Model270 pnt 4
7.500001 1.500000 -30.500000
7.500000 2.500000 -30.500000
7.500000 1.500000 -29.500000
7.499999 2.500000 -29.500000
i Stage3Model271 6
0 1 2
2 1 3
v Stage3Model271 pnt 4
7.500001 1.500000 -31.500000
7.500000 2.500000 -31.500000
7.500000 1.500000 -30.500000
7.499999 2.500000 -30.500000
i Stage3Model272 6
0 1 2
2 1 3
v Stage3Model272 pnt 4
7.500000 2.500000 -31.500000
7.500000 1.500000 -31.500000
6.000000 2.500000 -31.500000
6.000000 1.500000 -31.500000
i Stage3Model273 6
0 1 2
2 1 3
v Stage3Model273 pnt 4
10.000000 1.500000 -20.500000
10.000000 2.500000 -20.500000
10.000000 1.500000 -21.500000
10.000000 2.500000 -21.500000
i Stage3Model274 6
0 1 2
2 1 3
v Stage3Model274 pnt 4
5.000000 1.500000 -31.500000
5.000000 2.500000 -31.500000
6.000000 1.500000 -31.500000
6.000000 2.500000 -31.500000
i Stage3Model275 6
0 1 2
2 1 3
v Stage3Model275 pnt 4
9.000000 2.500000 -7.500000
9.000000 1.500000 -7.500000
7.500000 2.500000 -7.500000
7.500000 1.500000 -7.500000
i Stage3Model276 6
0 1 2
2 1 3
v Stage3Model276 pnt 4
10.000000 1.500000 -7.500000
10.000000 2.500000 -7.500000
10.000000 1.500000 -8.500000
10.000000 2.500000 -8.500000
i Stage3Model277 6
0 1 2
2 1 3
v Stage3Model277 pnt 4
10.000000 1.500000 -8.500000
10.000000 2.500000 -8.500000
10.000000 1.500000 -9.500000
10.000000 2.500000 -9.500000
i Stage3Model278 6
0 1 2
2 1 3
v Stage3Model278 pnt 4
10.000000 1.500000 -21.500000
10.000000 2.500000 -21.500000
10.000000 1.500000 -22.500000
10.000000 2.500000 -22.500000
i Stage3Model279 6
0 1 2
2 1 3
v Stage3Model279 pnt 4
9.000000 1.500000 -7.500000
9.000000 2.500000 -7.500000
10.000000 1.500000 -7.500000
10.000000 2.500000 -7.500000
i Stage3Model280 6
0 1 2
2 1 3
v Stage3Model280 pnt 4
11.500000 2.500000 -31.500000
11.500000 1.500000 -31.500000
10.000000 2.500000 -31.500000
10.000000 1.500000 -31.500000
i Stage3Model281 6
0 1 2
2 1 3
v Stage3Model281 pnt 4
11.500000 1.500000 -31.500000
11.500000 2.500000 -31.500000
11.500000 1.500000 -32.500000
11.500000 2.500000 -32.500000
i Stage3Model282 6
0 1 2
2 1 3
v Stage3Model282 pnt 4
11.500000 1.500000 -32.500000
11.500000 2.500000 -32.500000
11.500000 1.500000 -33.500000
11.500000 2.500000 -33.500000
i Stage3Model283 6
0 1 2
2 1 3
v Stage3Model283 pnt 4
11.500000 1.500000 -33.500000
11.500000 2.500000 -33.500000
11.500000 1.500000 -34.500000
11.500000 2.500000 -34.500000
i Stage3Model284 6
0 1 2
2 1 3
v Stage3Model284 pnt 4
11.500000 1.500000 -34.500000
11.500000 2.500000 -34.500000
11.500000 1.500000 -35.500000
11.500000 2.500000 -35.500000
i Stage3Model285 6
0 1 2
2 1 3
v Stage3Model285 pnt 4
11.500000 1.500000 -35.500000
11.500000 2.500000 -35.500000
11.500000 1.500000 -36.500000
11.500000 2.500000 -36.500000
i Stage3Model286 6
0 1 2
2 1 3
v Stage3Model286 pnt 4
11.500000 1.500000 -36.500000
11.500000 2.500000 -36.500000
11.500000 1.500000 -37.500000
11.500000 2.500000 -37.500000
i Stage3Model287 6
0 1 2
2 1 3
v Stage3Model287 pnt 4
11.500000 1.500000 -37.500000
11.500000 2.500000 -37.500000
11.500000 1.500000 -38.500000
11.500000 2.500000 -38.500000
i Stage3Model288 6
0 1 2
2 1 3
v Stage3Model288 pnt 4
11.500000 1.500000 -38.500000
11.500000 2.500000 -38.500000
11.500000 1.500000 -39.500000
11.500000 2.500000 -39.500000
i Stage3Model289 6
0 1 2
2 1 3
v Stage3Model289 pnt 4
11.500000 1.500000 -39.500000
11.500000 2.500000 -39.500000
11.500000 1.500000 -40.500000
11.500000 2.500000 -40.500000
i Stage3Model290 6
0 1 2
2 1 3
v Stage3Model290 pnt 4
11.500000 1.500000 -40.500000
11.500000 2.500000 -40.500000
10.500000 1.500000 -40.500000
10.500000 2.500000 -40.500000
i Stage3Model291 6
0 1 2
2 1 3
v Stage3Model291 pnt 4
10.500000 1.500000 -40.500000
10.500000 2.500000 -40.500000
9.500000 1.500000 -40.500000
9.500000 2.500000 -40.500000
i Stage3Model292 6
0 1 2
2 1 3
v Stage3Model292 pnt 4
8.000000 2.500000 -40.500000
8.000000 1.500000 -40.500000
9.500000 2.500000 -40.500000
9.500000 1.500000 -40.500000
i Stage3Model293 6
0 1 2
2 1 3
v Stage3Model293 pnt 4
10.000000 1.500000 -18.500000
10.000000 2.500000 -18.500000
10.000000 1.500000 -19.500000
10.000000 2.500000 -19.500000
i Stage3Model294 6
0 1 2
2 1 3
v Stage3Model294 pnt 4
10.000000 1.500000 -17.500000
10.000000 2.500000 -17.500000
10.000000 1.500000 -18.500000
10.000000 2.500000 -18.500000
i Stage3Model295 6
0 1 2
2 1 3
v Stage3Model295 pnt 4
10.000000 1.500000 -16.500000
10.000000 2.500000 -16.500000
10.000000 1.500000 -17.500000
10.000000 2.500000 -17.500000
i Stage3Model296 6
0 1 2
2 1 3
v Stage3Model296 pnt 4
10.000000 1.500000 -15.500000
10.000000 2.500000 -15.500000
10.000000 1.500000 -16.500000
10.000000 2.500000 -16.500000
i Stage3Model297 6
0 1 2
2 1 3
v Stage3Model297 pnt 4
10.000000 1.500000 -14.500000
10.000000 2.500000 -14.500000
10.000000 1.500000 -15.500000
10.000000 2.500000 -15.500000
i Stage3Model298 6
0 1 2
2 1 3
v Stage3Model298 pnt 4
10.000000 1.500000 -19.500000
10.000000 2.500000 -19.500000
10.000000 1.500000 -20.500000
10.000000 2.500000 -20.500000
i Stage3Model299 6
0 1 2
2 1 3
v Stage3Model299 pnt 4
10.000000 1.500000 -30.500000
10.000000 2.500000 -30.500000
10.000000 1.500000 -31.500000
10.000000 2.500000 -31.500000
i Stage3Model300 6
0 1 2
2 1 3
v Stage3Model300 pnt 4
10.000000 1.500000 -29.500000
10.000000 2.500000 -29.500000
10.000000 1.500000 -30.500000
10.000000 2.500000 -30.500000
i Stage3Model301 6
0 1 2
2 1 3
v Stage3Model301 pnt 4
10.000000 1.500000 -28.500000
10.000000 2.500000 -28.500000
10.000000 1.500000 -29.500000
10.000000 2.500000 -29.500000
i Stage3Model302 6
0 1 2
2 1 3
v Stage3Model302 pnt 4
10.000000 1.500000 -27.500000
10.000000 2.500000 -27.500000
10.000000 1.500000 -28.500000
10.000000 2.500000 -28.500000
i Stage3Model303 6
0 1 2
2 1 3
v Stage3Model303 pnt 4
10.000000 1.500000 -26.500000
10.000000 2.500000 -26.500000
10.000000 1.500000 -27.500000
10.000000 2.500000 -27.500000
i Stage3Model304 6
0 1 2
2 1 3
v Stage3Model304 pnt 4
10.000000 1.500000 -25.500000
10.000000 2.500000 -25.500000
10.000000 1.500000 -26.500000
10.000000 2.500000 -26.500000
i Stage3Model305 6
0 1 2
2 1 3
v Stage3Model305 pnt 4
10.000000 1.500000 -24.500000
10.000000 2.500000 -24.500000
10.000000 1.500000 -25.500000
10.000000 2.500000 -25.500000
i Stage3Model306 6
0 1 2
2 1 3
v Stage3Model306 pnt 4
10.000000 1.500000 -23.500000
10.000000 2.500000 -23.500000
10.000000 1.500000 -24.500000
10.000000 2.500000 -24.500000
i Stage3Model307 6
0 1 2
2 1 3
v Stage3Model307 pnt 4
10.000000 1.500000 -22.500000
10.000000 2.500000 -22.500000
10.000000 1.500000 -23.500000
10.000000 2.500000 -23.500000
i Stage3Model308 6
0 1 2
2 1 3
v Stage3Model308 pnt 4
4.999979 1.500000 -31.500004
4.999979 2.500000 -31.500004
4.999980 1.500000 -32.500004
4.999980 2.500000 -32.500004
i Stage3Model309 6
0 1 2
2 1 3
v Stage3Model309 pnt 4
4.999979 1.500000 -32.500004
4.999979 2.500000 -32.500004
4.999980 1.500000 -33.500004
4.999980 2.500000 -33.500004
i Stage3Model310 6
0 1 2
2 1 3
v Stage3Model310 pnt 4
4.999979 1.500000 -33.500004
4.999979 2.500000 -33.500004
4.999980 1.500000 -34.500004
4.999980 2.500000 -34.500004
i Stage3Model311 6
0 1 2
2 1 3
v Stage3Model311 pnt 4
10.000000 2.500000 -12.500000
10.000000 1.500000 -12.500000
10.000000 2.500000 -13.500000
10.000000 1.500000 -13.500000
i Stage3Model312 6
0 1 2
2 1 3
v Stage3Model312 pnt 4
10.000000 2.500000 -11.500000
10.000000 1.500000 -11.500000
10.000000 2.500000 -12.500000
10.000000 1.500000 -12.500000
i Stage3Model313 6
0 1 2
2 1 3
v Stage3Model313 pnt 4
10.000000 2.500000 -10.500000
10.000000 1.500000 -10.500000
10.000000 2.500000 -11.500000
10.000000 1.500000 -11.500000
i Stage3Model314 6
0 1 2
2 1 3
v Stage3Model314 pnt 4
10.000000 2.500000 -9.500000
10.000000 1.500000 -9.500000
10.000000 2.500000 -10.500000
10.000000 1.500000 -10.500000
i Stage3Model315 6
0 1 2
2 1 3
v Stage3Model315 pnt 4
7.500000 2.500000 -12.500000
7.500000 1.500000 -12.500000
7.500000 2.500000 -11.500000
7.500000 1.500000 -11.500000
i Stage3Model316 6
0 1 2
2 1 3
v Stage3Model316 pnt 4
7.500000 1.500000 -40.500000
7.500000 0.500000 -40.500000
7.500000 1.500000 -39.500000
7.500000 0.500000 -39.500000
i Stage3Model317 6
0 1 2
2 1 3
v Stage3Model317 pnt 4
-4.000000 1.000000 -46.000000
-4.000000 0.000000 -46.000000
-3.000000 1.000000 -46.000000
-3.000000 0.000000 -46.000000
